VISDATA
85
0 0
1 0
2 0
3 0
4 30  47 48 7 40 46 49 50 10 11 66 33 52 13 14 53 15 17 20 64 57 58 67 29 70 71 36 35 73 74 68 
5 0
6 0
7 30  11 33 13 10 4 14 46 15 47 48 49 17 50 20 66 52 53 64 40 57 58 29 35 36 68 41 45 43 69 67 
8 0
9 0
10 30  14 13 15 17 7 4 20 40 46 47 33 48 49 50 29 11 35 36 66 52 53 64 68 57 58 41 43 45 82 83 
11 30  15 14 7 17 13 40 20 4 46 47 48 49 50 33 29 10 35 36 66 52 53 64 68 41 57 58 43 45 69 67 
12 0
13 30  17 10 20 40 7 11 15 33 4 46 47 29 48 14 49 50 35 36 68 66 52 41 53 43 64 45 69 57 58 82 
14 30  20 11 10 33 40 7 17 4 29 46 47 13 15 48 35 36 68 49 50 41 43 66 52 45 53 69 64 82 83 57 
15 30  20 33 11 10 40 7 13 29 17 4 46 47 35 36 14 68 48 49 41 50 43 45 66 69 52 82 83 53 64 58 
16 0
17 30  13 33 11 10 14 20 29 40 7 15 4 35 36 46 68 41 43 47 48 49 45 50 69 82 83 66 52 84 53 64 
18 0
19 0
20 30  15 14 13 29 33 17 11 10 35 36 40 7 4 68 41 46 43 45 69 83 82 47 48 84 49 50 74 73 71 66 
21 0
22 0
23 0
24 0
25 0
26 0
27 0
28 0
29 29  35 36 20 68 41 17 43 15 45 14 69 13 33 11 10 40 7 58 64 57 4 53 46 52 47 48 66 49 50 
30 0
31 0
32 0
33 30  15 17 7 40 14 20 4 13 46 10 47 48 49 50 29 11 35 36 68 66 52 53 64 41 43 57 58 45 69 82 
34 0
35 29  29 43 41 45 69 68 20 17 15 14 13 33 11 10 36 58 57 64 40 7 52 53 66 50 49 48 47 4 46 
36 29  29 43 45 69 41 20 68 17 15 14 13 33 35 11 10 58 57 64 52 53 40 66 7 50 49 48 47 46 4 
37 0
38 0
39 0
40 30  33 13 14 4 11 15 46 47 17 10 48 49 50 20 66 52 7 53 64 29 57 58 35 36 68 41 43 45 82 83 
41 22  35 69 36 29 45 43 20 68 17 15 14 13 33 11 10 48 7 40 46 47 50 49 
42 0
43 29  35 36 29 69 68 45 41 58 20 57 64 17 15 53 14 52 66 13 50 48 49 33 47 46 11 10 7 40 4 
44 0
45 20  36 35 68 41 29 43 69 20 17 15 14 48 13 46 47 33 11 10 7 40 
46 30  66 52 4 53 7 50 40 49 64 10 11 33 48 13 57 14 58 15 47 17 20 67 70 71 73 74 69 45 84 29 
47 30  52 66 53 4 7 64 40 57 10 11 50 58 33 13 14 49 15 46 48 67 70 71 73 74 17 20 84 69 43 82 
48 30  53 52 4 64 66 7 57 40 58 46 10 11 33 13 14 50 47 67 49 70 71 73 74 15 17 20 69 84 45 43 
49 30  53 52 4 64 57 46 58 7 66 40 10 11 47 33 13 67 50 70 48 71 73 74 14 15 17 20 84 43 82 83 
50 30  53 64 4 46 52 57 58 7 47 40 66 10 11 33 13 48 67 70 49 71 73 74 14 15 17 84 20 43 82 83 
51 0
52 30  47 48 46 57 64 49 58 50 4 67 7 70 40 66 53 71 73 10 74 84 11 33 13 43 82 83 14 15 68 36 
53 30  49 48 57 50 58 47 46 64 4 66 67 70 7 71 52 73 40 74 84 10 11 43 82 83 33 68 13 14 36 15 
54 0
55 0
56 0
57 30  53 52 66 67 70 50 71 49 48 47 73 64 74 46 84 4 82 83 58 43 7 68 36 35 40 29 10 11 33 20 
58 30  53 52 67 70 66 71 64 50 49 73 48 74 47 84 46 4 82 83 43 57 7 68 36 35 40 29 10 20 11 33 
59 0
60 0
61 0
62 0
63 0
64 30  66 52 50 49 48 58 47 53 46 67 70 57 71 4 73 74 84 7 82 83 43 40 68 36 10 35 11 29 33 13 
65 0
66 30  46 47 64 57 58 48 4 49 53 50 7 40 67 70 52 71 73 74 10 84 11 33 13 14 15 43 82 83 68 17 
67 29  74 58 84 57 73 82 83 64 53 52 71 66 50 49 48 47 46 70 4 20 17 13 7 15 40 14 10 33 11 
68 29  45 29 69 35 43 36 20 41 17 58 15 57 14 13 33 64 53 52 11 66 10 50 48 49 40 7 47 46 4 
69 20  41 68 36 35 43 29 45 20 17 15 48 14 46 47 13 33 11 10 7 40 
70 29  84 58 74 57 82 83 73 64 53 52 66 71 50 67 49 48 47 46 4 20 13 17 7 40 33 10 15 11 14 
71 29  84 82 58 83 57 74 64 73 67 53 52 66 70 50 49 48 47 46 20 4 17 15 14 40 7 10 13 33 11 
72 0
73 29  82 83 67 70 58 57 84 71 64 53 66 74 52 50 49 48 47 46 20 17 4 15 14 10 40 13 7 33 11 
74 29  67 82 83 70 71 58 57 84 64 53 66 73 50 49 48 52 47 46 20 17 15 4 14 10 13 40 7 33 11 
75 0
76 0
77 0
78 0
79 0
80 0
81 0
82 29  74 73 71 70 67 84 58 57 64 83 20 53 52 17 66 15 50 49 48 14 47 46 13 10 40 7 4 33 11 
83 29  74 73 71 70 67 84 58 57 64 82 20 53 52 17 66 15 50 49 14 48 47 46 13 10 40 7 4 33 11 
84 29  70 71 67 82 83 73 58 57 74 64 53 66 52 20 50 49 48 47 17 46 15 14 4 10 13 40 7 33 11 
